Table 7 Panel A (25-year)       (1)      (2)      (3)      (4)      (5)
Democracy_t-1                 0.487    0.192    0.439             0.212
                            (0.085)  (0.119)  (0.143)           (0.140)
Log GDP per capita_t-1        0.116   -0.020   -0.495    0.003    0.074
                            (0.034)  (0.093)  (0.266)  (0.092)  (0.118)
Observations                    150      150      125      150       78
Countries                        25       25       25       25       13
R-squared                      0.55     0.65              0.63     0.72

Table 7 Panel B (50-year)       (1)      (2)      (3)      (4)      (5)
Democracy_t-1                 0.233   -0.248    0.319            -0.266
                            (0.070)  (0.124)  (0.148)           (0.188)
Log GDP per capita_t-1        0.191    0.039   -0.411   -0.004    0.028
                            (0.043)  (0.110)  (0.194)  (0.092)  (0.222)
Observations                    111      111       74      111       48
Countries                        37       37       37       37       16
R-squared                      0.49     0.72              0.70     0.69
