Table 4 (FH robustness)         (1)      (2)      (3)      (4)      (5)      (6)      (7)      (8)
Democracy_t-1                 0.283    0.472    0.362    0.436    0.353    0.480    0.351    0.499
                            (0.058)  (0.092)  (0.052)  (0.085)  (0.053)  (0.087)  (0.055)  (0.097)
Log GDP per capita_t-1       -0.031   -0.262    0.005   -0.151    0.015   -0.008   -0.001   -0.121
                            (0.049)  (0.128)  (0.035)  (0.078)  (0.041)  (0.139)  (0.049)  (0.182)
Log population_t-1                                               -0.109   -0.001   -0.042    0.049
                                                                (0.100)  (0.113)  (0.108)  (0.143)
Education_t-1                                                                      -0.007   -0.020
                                                                                  (0.020)  (0.026)
Observations                    630      567      908      823      863      731      676      589
Countries                        90       81      128      124      142      120       95       92
R-squared                      0.80              0.79              0.80              0.77         
